# Frame list with one line of data per frame:
#   FRAME_ID, RIG_ID, RIG_FROM_WORLD[QW, QX, QY, QZ, TX, TY, TZ], NUM_DATA_IDS, DATA_IDS[] as (SENSOR_TYPE, SENSOR_ID, DATA_ID)
# Number of frames: 70
1 1 0.99875298158694414 -0.0078763475023453846 0.045595727964460687 0.018747653522576901 -0.9475604040968636 -0.074783797358845938 -0.053523586865084204 1 CAMERA 1 1
2 1 0.99913616322693155 -0.0077628905466828706 0.037392836372848015 0.016384158523405312 -0.52276298589360859 -0.029972281223921031 -0.12627757856854571 1 CAMERA 1 2
3 1 0.99944126066214356 -0.0086930557895178937 0.029271292800365781 0.013593700191660354 0.014763425214785839 0.020059952032312499 -0.1818111205579486 1 CAMERA 1 3
4 1 0.99966771227221407 -0.0083081611635061909 0.022001527740986633 0.010553306381492456 0.52177795978279684 0.064466512969868578 -0.22458256611916741 1 CAMERA 1 4
5 1 0.99982280861144224 -0.0075064545791478244 0.015637742057028604 0.0073120136307621465 0.83906332266571115 0.1230119075647942 -0.22937815955729499 1 CAMERA 1 5
6 1 0.999915229445835 -0.00597839128749227 0.011011781895168851 0.003540256966655666 0.90921602503460497 0.13568788475036764 -0.2733348143638008 1 CAMERA 1 6
7 1 0.99994362196547892 -0.0058138595822195922 0.0088319704711774215 -0.00097376840869737571 0.82396824376547084 0.11256133787874409 -0.32610181407470568 1 CAMERA 1 7
8 1 0.99996241785976303 -0.0059863576103533628 0.00090190330946778247 -0.0062058811653153568 0.61953206611199052 0.21692177109390767 -0.40977162207117912 1 CAMERA 1 8
9 1 0.99984290987139202 -0.0053432755660695296 -0.011481090572161144 -0.012401191289809382 0.51240294831359234 0.26966851052816249 -0.50923832704604177 1 CAMERA 1 9
10 1 0.99934085728439448 -0.008499522563537169 -0.029319089411234761 -0.01964688459729973 0.74984089093934747 0.3284510361409827 -0.51390238960980927 1 CAMERA 1 10
11 1 0.99826070127777256 -0.0099507409240288131 -0.051296252194124058 -0.027299259153125775 1.3538186286666336 0.31205529523791281 -0.47464973409512584 1 CAMERA 1 11
12 1 0.99725283525944053 -0.0091359535198977746 -0.064611569784053774 -0.035052274823893816 2.1542547308207634 0.29230713579247081 -0.27241826283523402 1 CAMERA 1 12
13 1 0.99623041356145281 -0.0084721438839736058 -0.074991709105581963 -0.04277182996564257 2.8681386220679337 0.15674704349489491 -0.025025557981349526 1 CAMERA 1 13
14 1 0.99506303745196112 -0.0082167446339490441 -0.085165989312217111 -0.050287084514503692 3.3827508168248359 -0.007170010860834442 0.27704555403604014 1 CAMERA 1 14
15 1 0.99372798798220163 -0.0082373116415964502 -0.095475560297005671 -0.057630287035007076 3.7275721999070979 -0.13239837037288285 0.52965935424617661 1 CAMERA 1 15
16 1 0.99226423588950374 -0.0082685291085412178 -0.10568679787731763 -0.064603547545313944 3.9713415461507098 -0.24308104426402818 0.73864859510388969 1 CAMERA 1 16
17 1 0.99070378668999715 -0.0078954656817523637 -0.11585497989665938 -0.070861077418521878 4.1949321151230849 -0.34736647336628951 0.90891995198291398 1 CAMERA 1 17
18 1 0.98905450657835525 -0.0082610803572902881 -0.12610784165955047 -0.076156088662341817 4.3986630859720348 -0.43125734246355429 1.0771943263050363 1 CAMERA 1 18
19 1 0.98735538689021507 -0.0081618769202394248 -0.13649998083783696 -0.080190267335149279 4.522660983529585 -0.50772163747321741 1.2346439653532761 1 CAMERA 1 19
20 1 0.98674059943129999 -0.0097897820815487733 -0.13935875555476177 -0.082621346218655203 4.5553892292103715 -0.55831330580907323 1.329637935684723 1 CAMERA 1 20
21 1 0.98648239726712406 -0.010662730309101559 -0.1405056168443512 -0.083647819455452188 4.5328741548304423 -0.59590279010703762 1.3675559858776987 1 CAMERA 1 21
22 1 0.98655195314182742 -0.010906843852380685 -0.14021732577726437 -0.083278965297955435 4.4597543371928747 -0.59997249687289722 1.3584793210966999 1 CAMERA 1 22
23 1 0.98689651425575298 -0.01085654487503682 -0.13876961519101952 -0.081611270563306207 4.3651320650805605 -0.5645099987558243 1.3394325555550273 1 CAMERA 1 23
24 1 0.98754816151354841 -0.012432397243555538 -0.13580043076353587 -0.078436644461800653 4.2970596383479478 -0.5296409860061192 1.3116652208230424 1 CAMERA 1 24
25 1 0.98869405792956633 -0.012339721050938585 -0.12997010750496599 -0.073753388086921362 4.2806909141856115 -0.49397000734013979 1.270851615910056 1 CAMERA 1 25
26 1 0.9902197485662565 -0.012783680963380378 -0.12127716762707101 -0.067773709229772397 4.2840674752181407 -0.46062096852786238 1.2238473145206554 1 CAMERA 1 26
27 1 0.99197035366331776 -0.013632384793115839 -0.11019208584528166 -0.06055311515513298 4.2469675564966822 -0.42277783532504332 1.1382606771465376 1 CAMERA 1 27
28 1 0.99378179575713255 -0.013379834455784672 -0.097214749772635056 -0.052611927148780824 4.0906971920682507 -0.37312515472325442 0.96170000875725803 1 CAMERA 1 28
29 1 0.99578385628912458 -0.01235513972181292 -0.079384974323769036 -0.044270621500372774 3.7816637309373733 -0.30042003877570428 0.75016692398748264 1 CAMERA 1 29
30 1 0.9973846837987892 -0.012852066406331122 -0.061851837798764617 -0.03511363088021207 3.230238544990371 -0.23192048879657373 0.48791004550830469 1 CAMERA 1 30
31 1 0.99852847379610432 -0.013589177906483578 -0.045785586673839654 -0.025688544434846208 2.4072144183700859 -0.16086321303168133 0.19840382756722458 1 CAMERA 1 31
32 1 0.99920996171982379 -0.014362232115111001 -0.033345261575064448 -0.01616391719325622 1.392344499209154 -0.11316330705110524 -0.050168058987769229 1 CAMERA 1 32
33 1 0.99967491336361358 -0.014901416667591125 -0.019575746573573395 -0.0066936924666193779 0.44217626905175128 -0.081799295045143786 -0.19727887591139145 1 CAMERA 1 33
34 1 0.99987468769819021 -0.015250932914852636 -0.0033010725348941853 0.0026684950426450389 -0.27945654126163988 -0.029855331241055758 -0.15623492328122757 1 CAMERA 1 34
35 1 0.999743523113092 -0.015936812276825529 0.011279438633565364 0.011475202481326855 -0.62490918918014771 0.015023477201648051 -0.075970565338691537 1 CAMERA 1 35
36 1 0.99940191002524648 -0.014980402459511285 0.024186030040971883 0.019658222984228306 -0.59363179964160684 0.0047834333726267195 -0.056876923305872656 1 CAMERA 1 36
37 1 0.99893768265214611 -0.015954482057334227 0.033392809701783238 0.027456892396317104 -0.38044171905265994 -2.1270150022981083e-05 -0.0051431314621016039 1 CAMERA 1 37
38 1 0.99813607629940282 -0.017422526648915995 0.046920397764328887 0.034918548486981574 -0.26766123511367634 0.041813774399579451 -0.038545076725525658 1 CAMERA 1 38
39 1 0.99681219603596183 -0.019644923568997129 0.064770205772744865 0.042241487380154957 -0.48448718211523861 0.032378234224079046 -0.069011764926857427 1 CAMERA 1 39
40 1 0.99461505902295222 -0.020995722908811604 0.088781740998662401 0.049171805433116576 -1.1273583892888619 -0.066202443661082661 -0.0054592298153401456 1 CAMERA 1 40
41 1 0.99247521156526985 -0.021118452617284001 0.1072075017476828 0.055258636940708247 -2.0538350952457098 -0.24030009628710239 0.19671741094662198 1 CAMERA 1 41
42 1 0.99086992274609009 -0.020988348675507699 0.11859854646789617 0.060586056091604883 -2.9458924144066567 -0.41907325061355033 0.48211896698970924 1 CAMERA 1 42
43 1 0.9893693996773284 -0.021361273588287617 0.12820715692881476 0.065228919085323342 -3.6711311518487739 -0.50681630145927592 0.83878011566082011 1 CAMERA 1 43
44 1 0.98786101772081936 -0.022188681107338432 0.13708646445680539 0.069610152715224693 -4.2172664026563469 -0.57927548649746763 1.1266361916008276 1 CAMERA 1 44
45 1 0.986321182094958 -0.023186165676620608 0.14576117911501435 0.073393501994533969 -4.6167382480750492 -0.64382009877657709 1.3552004314398964 1 CAMERA 1 45
46 1 0.98477537920408464 -0.02484756113111072 0.15410617331138254 0.076494042687056715 -4.8909313020082044 -0.72047422376207004 1.565415294114912 1 CAMERA 1 46
47 1 0.98297455884348173 -0.026613080876590312 0.163941050707998 0.078588119238701959 -5.0380266629373018 -0.77165668302904034 1.7669033654866473 1 CAMERA 1 47
48 1 0.98171893327275783 -0.028578533844705004 0.17040689196004316 0.079829159018518392 -5.0698332442634397 -0.81018177393844515 1.905050931782138 1 CAMERA 1 48
49 1 0.98123632584781262 -0.028618316292911485 0.17319984022382778 0.079737570540396888 -5.0941786229214037 -0.80702542888815554 1.9788883664565837 1 CAMERA 1 49
50 1 0.98149697906264655 -0.029599908024491712 0.17229679234840192 0.078111080406639 -5.1571011943620695 -0.79413339278261996 1.9808752623162738 1 CAMERA 1 50
51 1 0.98226997921948778 -0.031468093629486237 0.16883779020276063 0.075161476880923145 -5.1958437382982483 -0.77421670922987074 1.9217039348021749 1 CAMERA 1 51
52 1 0.98327928759034777 -0.032569019260290467 0.16428243864441419 0.071500922604435704 -5.201769533851575 -0.73236987254242192 1.8339726683721576 1 CAMERA 1 52
53 1 0.98468521900092021 -0.032172171978587294 0.15762001327547015 0.067200463140746444 -5.1588598139411728 -0.64538155715518819 1.7473492048905472 1 CAMERA 1 53
54 1 0.98706155269881957 -0.033478735788456379 0.14398983130055013 0.062093428926429127 -5.0200185213785424 -0.59212857929461049 1.5335675167316383 1 CAMERA 1 54
55 1 0.98918529441502068 -0.033497841503666734 0.13108596571136263 0.056628769377267262 -4.6733859999730454 -0.54015985483734941 1.2914664532550604 1 CAMERA 1 55
56 1 0.99091368190422269 -0.0331903800624627 0.11995393888105345 0.050985549259050446 -4.0874775669006214 -0.49805500729508728 1.0465883607113267 1 CAMERA 1 56
57 1 0.9927447091363657 -0.03301646526214265 0.10641938986458185 0.045197001716890298 -3.2160724859922305 -0.41918853212189072 0.78238571639479659 1 CAMERA 1 57
58 1 0.99433044285475591 -0.032830190262139659 0.092895452656412275 0.039994798353999821 -2.2588070669057614 -0.36783556638720072 0.51558625411199677 1 CAMERA 1 58
59 1 0.9955471100245098 -0.0327652957970129 0.081030894335071671 0.035304125487528842 -1.4799978781666601 -0.34254690531263965 0.32621813662814036 1 CAMERA 1 59
60 1 0.996419236104363 -0.033054528632274691 0.071298416502223474 0.031187174645537035 -1.0228754441912171 -0.349385570905621 0.23040014547691468 1 CAMERA 1 60
61 1 0.99651302093286453 -0.034427530479517458 0.06931283423035578 0.031181328825013135 -0.33161084834401811 -0.51850092324020725 0.66301580941979421 1 CAMERA 1 61
62 1 0.99728594486421795 -0.034275052238922805 0.058793124877993833 0.028095078526029212 -0.059754313195676027 -0.54215428544967281 0.67503779346088499 1 CAMERA 1 62
63 1 0.99788248730242624 -0.035289278060190749 0.048039678013036928 0.026026865457012618 0.019341239381686321 -0.54833308124974034 0.72440297697469935 1 CAMERA 1 63
64 1 0.99828762696124895 -0.035240424603925381 0.03961980792670277 0.024702168926322231 -0.051037700259701016 -0.54047677154012341 0.75828018697195776 1 CAMERA 1 64
65 1 0.99850030103960663 -0.035136426761310256 0.034514104456588965 0.02390307368983605 -0.16367865444848506 -0.52252498158626004 0.75982462209628376 1 CAMERA 1 65
66 1 0.99859123383767789 -0.036165149599140002 0.030904367113533362 0.023506376801366954 -0.29624632604000517 -0.52324645558493321 0.73875513405671445 1 CAMERA 1 66
67 1 0.99867515637426185 -0.035471057095505583 0.028825076077468679 0.023640032540150666 -0.39732515995796069 -0.51947374406493985 0.74936201209645448 1 CAMERA 1 67
68 1 0.99866789984859339 -0.035849706569842467 0.02818974941992446 0.024136329018681513 -0.43404475748647375 -0.54277835889796322 0.76528360583646537 1 CAMERA 1 68
69 1 0.99868716648596378 -0.035373575216782964 0.027590512326557001 0.024726853867357852 -0.47731376003532172 -0.53820753783288044 0.78223031454042413 1 CAMERA 1 69
70 1 0.99870078491801528 -0.035338611283212064 0.02691562012673886 0.024969464349629312 -0.52211415901873315 -0.52779461669050087 0.80453730396407364 1 CAMERA 1 70
